110100000000
110000000000
120000000000
130000000000
140000000000
150000000000
210000000000
220000000000
230000000000
310000000000
320000000000
330000000000
340000000000
350000000000
360000000000
370000000000
410000000000
420000000000
430000000000
440000000000
450000000000
460000000000
500000000000
510000000000
520000000000
530000000000
540000000000
610000000000
620000000000
630000000000
640000000000
650000000000
710000000000
810000000000
820000000000
110100000000
120100000000
130100000000
130200000000
130300000000
130400000000
130500000000
130600000000
130700000000
130800000000
130900000000
131000000000
131100000000
140100000000
140200000000
140300000000
140400000000
140500000000
140600000000
140700000000
140800000000
140900000000
141000000000
141100000000
150100000000
150200000000
150300000000
150400000000
150500000000
150600000000
150700000000
150800000000
150900000000
152200000000
152500000000
152900000000
210100000000
210200000000
210300000000
210400000000
210500000000
210600000000
210700000000
210800000000
210900000000
211000000000
211100000000
211200000000
211300000000
211400000000
220100000000
220200000000
220300000000
220400000000
220500000000
220600000000
220700000000
220800000000
222400000000
230100000000
230200000000
230300000000
230400000000
230500000000
230600000000
230700000000
230800000000
230900000000
231000000000
231100000000
231200000000
232700000000
310100000000
320100000000
320200000000
320300000000
320400000000
320500000000
320600000000
320700000000
320800000000
320900000000
321000000000
321100000000
321200000000
321300000000
330100000000
330200000000
330300000000
330400000000
330500000000
330600000000
330700000000
330800000000
330900000000
331000000000
331100000000
340100000000
340200000000
340300000000
340400000000
340500000000
340600000000
340700000000
340800000000
341000000000
341100000000
341200000000
341300000000
341500000000
341600000000
341700000000
341800000000
350100000000
350200000000
350300000000
350400000000
350500000000
350600000000
350700000000
350800000000
350900000000
360100000000
360200000000
360300000000
360400000000
360500000000
360600000000
360700000000
360800000000
360900000000
361000000000
361100000000
370100000000
370200000000
370300000000
370400000000
370500000000
370600000000
370700000000
370800000000
370900000000
371000000000
371100000000
371300000000
371400000000
371500000000
371600000000
371700000000
410100000000
410200000000
410300000000
410400000000
410500000000
410600000000
410700000000
410800000000
410900000000
411000000000
411100000000
411200000000
411300000000
411400000000
411500000000
411600000000
411700000000
420100000000
420200000000
420300000000
420500000000
420600000000
420700000000
420800000000
420900000000
421000000000
421100000000
421200000000
421300000000
422800000000
430100000000
430200000000
430300000000
430400000000
430500000000
430600000000
430700000000
430800000000
430900000000
431000000000
431100000000
431200000000
431300000000
433100000000
440100000000
440200000000
440300000000
440400000000
440500000000
440600000000
440700000000
440800000000
440900000000
441200000000
441300000000
441400000000
441500000000
441600000000
441700000000
441800000000
441900000000
442000000000
445100000000
445200000000
445300000000
450100000000
450200000000
450300000000
450400000000
450500000000
450600000000
450700000000
450800000000
450900000000
451000000000
451100000000
451200000000
451300000000
451400000000
460100000000
460200000000
460300000000
460400000000
500100000000
500200000000
510100000000
510300000000
510400000000
510500000000
510600000000
510700000000
510800000000
510900000000
511000000000
511100000000
511300000000
511400000000
511500000000
511600000000
511700000000
511800000000
511900000000
512000000000
513200000000
513300000000
513400000000
520100000000
520200000000
520300000000
520400000000
520500000000
520600000000
522300000000
522600000000
522700000000
530100000000
530300000000
530400000000
530500000000
530600000000
530700000000
530800000000
530900000000
532300000000
532500000000
532600000000
532800000000
532900000000
533100000000
533300000000
533400000000
540100000000
540200000000
540300000000
540400000000
540500000000
540600000000
542500000000
610100000000
610200000000
610300000000
610400000000
610500000000
610600000000
610700000000
610800000000
610900000000
611000000000
620100000000
620200000000
620300000000
620400000000
620500000000
620600000000
620700000000
620800000000
620900000000
621000000000
621100000000
621200000000
622900000000
623000000000
630100000000
630200000000
632200000000
632300000000
632500000000
632600000000
632700000000
632800000000
640100000000
640200000000
640300000000
640400000000
640500000000
650100000000
650200000000
650400000000
650500000000
652300000000
652700000000
652800000000
652900000000
653000000000
653100000000
653200000000
654000000000
654200000000
654300000000
710100000000
710200000000
710300000000
710400000000
710600000000
710700000000
710800000000
710900000000
711100000000
711200000000
711300000000
711400000000
711500000000
711700000000
711900000000
712100000000
712400000000
712500000000
712600000000
712700000000
810000000000
820000000000
110000000000
110100000000
110000000000
110100000000
110000000000
110100000000
110000000000
110100000000
110000000000
110100000000
110000000000
110100000000
110000000000
110100000000
110000000000
110100000000
110000000000
110100000000
110000000000
110100000000
110000000000
110100000000
110000000000
110100000000
110000000000
110100000000
110000000000
110100000000
110000000000
110100000000
110000000000
110100000000
110000000000
110100000000
110000000000
110100000000
110000000000
110100000000
110000000000
110100000000
110000000000
110100000000
110000000000
110100000000
110000000000
110100000000
110000000000
110100000000
110000000000
110100000000
110000000000
110100000000
110000000000
110100000000
110000000000
110100000000
110000000000
110100000000
110000000000
110100000000
110100000000
110100000000
110100000000
110100000000
110100000000
110100000000
110100000000
110100000000